0.306982 0.000000
0.015622 0.015655
0.015619 0.000000
0.006505 0.015656
0.015619 0.000000
0.015503 0.000000
0.006009 0.015658
0.015514 0.000000
0.015494 0.000000
0.006504 0.015655
0.015490 0.000000
0.015509 0.000000
0.006009 0.015658
0.015652 0.000000
0.015522 0.000000
0.021694 0.000000
0.015622 0.000000
0.015493 0.000000
0.006009 0.015653
0.015463 0.000000
0.015508 0.000000
0.006506 0.015657
0.015491 0.000000
0.015620 0.000000
0.006505 0.015665
0.015650 0.000000
0.015497 0.000000
0.006009 0.015655
0.015654 0.000000
0.015496 0.000000
0.021658 0.000000
0.015612 0.000000
0.015591 0.000000
0.022132 0.000000
0.015620 0.000000
0.015556 0.000000
0.021634 0.000000
0.015563 0.000000
0.015639 0.000000
0.006009 0.015656
0.015616 0.000000
0.015495 0.000000
0.006009 0.015658
0.015534 0.000000
0.015508 0.000000
0.006009 0.015654
0.015622 0.000000
0.015478 0.000000
0.006008 0.015657
0.015620 0.000000
0.015469 0.000000
0.015476 0.000000
0.015495 0.000000
0.015620 0.000000
0.015557 0.006535
0.015561 0.000000
0.015561 0.000000
0.022159 0.000000
0.015653 0.000000
0.015526 0.000000
0.015530 0.000000
0.015533 0.000000
0.015490 0.000000
0.015632 0.000000
0.015464 0.000000
0.015507 0.000000
0.015622 0.000000
0.015465 0.000000
0.015501 0.000000
0.015619 0.006536
0.015493 0.000000
0.015488 0.000000
0.015465 0.000000
0.015611 0.000000
0.015462 0.000000
0.015459 0.006535
0.015476 0.000000
0.015472 0.000000
0.015469 0.006537
0.015461 0.000000
0.015516 0.000000
0.015652 0.006536
0.015462 0.000000
0.015520 0.000000
0.015482 0.006535
0.000000 0.000000
0.000000 0.000000
0.000000 0.000000
0.000000 0.000000
0.000000 0.000000
0.006505 0.000000
0.000000 0.000000
0.000000 0.000000
0.000000 0.000000
0.015551 0.000000
0.006008 0.015655
0.015529 0.000000
0.015525 0.000000
0.006015 0.015656
0.015622 0.000000
0.015596 0.000000   0.016118
0.006009 0.015659   0.016019
0.015525 0.000000   0.016015
0.015485 0.000000   0.016009
0.021666 0.000000   0.016063
0.015526 0.000000   0.016058
0.015468 0.000000   0.016053
0.021632 0.000000   0.016104
0.015578 0.000000   0.016100
0.015530 0.000000   0.016094
0.022162 0.000000   0.016149
0.015562 0.000000   0.016144
0.031166 0.006505   0.016277
0.046816 0.000000   0.016545
0.037741 0.000000   0.016729
0.031240 0.015653   0.016854
0.037817 0.000000   0.017033
0.046816 0.006532   0.017286
0.062482 0.000000   0.017665
0.022162 0.000000   0.017703
0.062406 0.000000   0.018072
0.046787 0.000000   0.018308
0.022166 0.015622   0.018339
0.069027 0.000000   0.018748
0.015620 0.000000   0.018723
0.053347 0.000000   0.018998
0.053297 0.000000   0.019268
0.062442 0.006535   0.019605
0.046859 0.000000   0.019816
0.037784 0.000000   0.019954
0.015567 0.000000   0.019921
0.015610 0.000000   0.019888
0.006509 0.000000   0.019788
0.015651 0.000000   0.019757
0.015621 0.000000   0.019726
0.006008 0.000000   0.019625
0.015555 0.000000   0.019596
0.005292 0.000000   0.019492
0.015567 0.000000   0.019464
0.016693 0.000000   0.019444
0.015620 0.000000   0.019417
0.015560 0.000000   0.019390
0.006008 0.000000   0.019296
0.015530 0.000000   0.019270
0.015499 0.000000   0.019244
0.015501 0.000000   0.019218
0.019342 0.000000   0.019219
0.016989 0.000000   0.019204
0.014886 0.000000   0.019175
0.013009 0.000000   0.019134
0.015510 0.000000   0.019110
0.020333 0.000000   0.019118
0.017051 0.000000   0.019105
0.015542 0.000000   0.019081
0.015574 0.000000   0.019059
0.015514 0.000000   0.019036
0.015498 0.000000   0.019013
0.015594 0.000000   0.018992
0.015541 0.000000   0.018970
0.015497 0.000000   0.018948
0.000000 0.000000   0.018831
0.000000 0.000000   0.018715
0.000000 0.000000   0.018600
0.006010 0.000000   0.018523
0.000000 0.000000   0.018411
0.000000 0.000000   0.018300
0.000000 0.000000   0.018190
0.000000 0.000000   0.018082
0.000000 0.000000   0.017975
0.006008 0.000000   0.017905
0.000000 0.000000   0.017800
0.000000 0.000000   0.017696
0.000000 0.000000   0.017594
0.000000 0.000000   0.017493
0.000000 0.000000   0.017393
0.006008 0.000000   0.017328
0.000000 0.000000   0.017230
0.000000 0.000000   0.017134
0.000000 0.000000   0.017038
0.000000 0.000000   0.016943
0.000000 0.000000   0.016850
0.006009 0.000000   0.016790
0.000000 0.000000   0.016698
0.000000 0.000000   0.016608
0.000000 0.000000   0.016518
0.000000 0.000000   0.016429
0.015592 0.000000   0.016424
0.015558 0.000000   0.016420
0.015620 0.000000   0.016416
0.015620 0.000000   0.016411
0.015498 0.000000   0.016407
0.015534 0.000000   0.016402
0.022073 0.000000   0.016432
0.015573 0.000000   0.016427
0.015576 0.000000   0.016423
0.015483 0.000000   0.016418
0.015534 0.000000   0.016413
0.015536 0.000000   0.016409
0.015472 0.000000   0.016404
0.015565 0.000000   0.016400
0.015588 0.000000   0.016396
0.015610 0.000000   0.016392
0.015653 0.000000   0.016389
0.015621 0.000000   0.016385
0.015622 0.000000   0.016381
0.015526 0.000000   0.016377
0.015549 0.000000   0.016373
0.022128 0.000000   0.016401
0.015529 0.000000   0.016396
0.015621 0.000000   0.016393
0.015540 0.000000   0.016389
0.015535 0.015621   0.016385
0.015589 0.000000   0.016381
0.015498 0.000000   0.016377
0.022127 0.000000   0.016404
0.015555 0.000000   0.016400
0.015586 0.015622   0.016396
0.022129 0.000000   0.016422
0.015530 0.015649   0.016418
0.022064 0.000000   0.016444
0.015472 0.000000   0.016439
0.015520 0.000000   0.016435
0.006009 0.000000   0.016388
0.015489 0.000000   0.016384
0.015520 0.000000   0.016381
0.015620 0.000000   0.016377
0.015476 0.000000   0.016373
0.015536 0.000000   0.016370
0.022125 0.000000   0.016395
0.015548 0.000000   0.016391
0.015621 0.000000   0.016388
0.022054 0.000000   0.016412
0.015543 0.000000   0.016408
0.015507 0.000000   0.016405
0.022005 0.000000   0.016428
0.015496 0.000000   0.016424
0.015482 0.000000   0.016420
0.022061 0.000000   0.016444
0.015533 0.015620   0.016440
0.015538 0.000000   0.016437
0.022166 0.000000   0.016460
0.046787 0.000000   0.016586
0.022131 0.000000   0.016608
0.031217 0.015620   0.016668
0.053383 0.000000   0.016818
0.053350 0.000000   0.016967
0.015613 0.015655   0.016961
0.022106 0.000000   0.016982
0.015620 0.015620   0.016976
0.031081 0.000000   0.017033
0.015461 0.015620   0.017027
0.015481 0.015620   0.017021
0.015452 0.015621   0.017014
0.015456 0.000000   0.017008
0.021664 0.000000   0.017026
0.015535 0.015634   0.017021
0.022032 0.000000   0.017040
0.015622 0.000000   0.017035
0.015528 0.000000   0.017029
0.037747 0.000000   0.017108
0.046837 0.000000   0.017222
0.022135 0.000000   0.017241
0.046838 0.000000   0.017354
0.022129 0.000000   0.017372
0.015622 0.015622   0.017365
0.037746 0.000000   0.017442
0.015614 0.000000   0.017435
0.053313 0.000000   0.017569
0.053364 0.000000   0.017702
0.046859 0.000000   0.017810
0.053370 0.000000   0.017941
0.053362 0.000000   0.018071
0.046858 0.000000   0.018177
0.053374 0.000000   0.018305
0.053362 0.015625   0.018433
0.062459 0.006504   0.018592
0.062459 0.000000   0.018751
0.053385 0.000000   0.018875
0.022127 0.000000   0.018887
0.015621 0.000000   0.018875
0.015560 0.015622   0.018863
0.052890 0.000000   0.018984
0.015615 0.000000   0.018972
0.006504 0.000000   0.018928
0.062408 0.000000   0.019081
0.062459 0.000000   0.019232
0.053381 0.000000   0.019351
0.015621 0.000000   0.019338
0.022167 0.000000   0.019348
0.062410 0.000000   0.019497
0.046837 0.000000   0.019591
0.022118 0.000000   0.019599
0.062522 0.000000   0.019746
0.053389 0.000000   0.019860
0.037753 0.000000   0.019921
0.046855 0.000000   0.020012
0.015621 0.000000   0.019997
0.046836 0.000000   0.020087
0.022117 0.000000   0.020094
0.031180 0.000000   0.020131
0.031230 0.000000   0.020168
0.031242 0.000000   0.020204
0.015551 0.000000   0.020189
0.006509 0.000000   0.020144
0.015599 0.000000   0.020129
0.031554 0.000000   0.020167
0.009325 0.000000   0.020131
0.031224 0.000000   0.020167
0.031219 0.000000   0.020203
0.031246 0.000000   0.020239
0.031219 0.000000   0.020274
0.031240 0.000000   0.020309
0.015556 0.000000   0.020294
0.006505 0.000000   0.020250
0.015553 0.000000   0.020235
0.015622 0.000000   0.020221
0.015544 0.000000   0.020206
0.015531 0.000000   0.020191
0.015515 0.000000   0.020176
0.015608 0.000000   0.020162
0.015647 0.000000   0.020148
0.015624 0.000000   0.020134
0.015649 0.000000   0.020120
0.000000 0.000000   0.020058
0.000000 0.000000   0.019996
0.000000 0.000000   0.019935
0.000000 0.000000   0.019874
0.000000 0.000000   0.019813
0.006505 0.000000   0.019773
0.000000 0.000000   0.019713
0.000000 0.000000   0.019653
0.000000 0.000000   0.019594
0.000000 0.000000   0.019535
0.000000 0.000000   0.019477
0.006009 0.000000   0.019437
0.000000 0.000000   0.019379
0.000000 0.000000   0.019321
0.000000 0.000000   0.019264
0.000000 0.015501   0.019207
0.006009 0.000000   0.019169
0.000000 0.000000   0.019112
0.000000 0.000000   0.019056
0.000000 0.000000   0.019001
0.000000 0.000000   0.018946
0.000000 0.000000   0.018891
0.006009 0.000000   0.018854
0.000000 0.000000   0.018799
0.000000 0.000000   0.018745
0.000000 0.000000   0.018691
0.000000 0.000000   0.018638
0.006009 0.000000   0.018602
0.000000 0.000000   0.018549
0.000000 0.000000   0.018497
0.000000 0.000000   0.018444
0.000000 0.000000   0.018393
0.000000 0.000000   0.018341
0.006013 0.000000   0.018306
0.015652 0.000000   0.018299
0.015489 0.000000   0.018291
0.022192 0.000000   0.018302
0.015529 0.000000   0.018294
0.015529 0.000000   0.018287
0.022129 0.000000   0.018297
0.015536 0.000000   0.018290
0.015534 0.000000   0.018282
0.037755 0.000000   0.018335
0.015620 0.000000   0.018328
0.015610 0.000000   0.018320
0.022129 0.000000   0.018331
0.015622 0.015622   0.018323
0.022114 0.000000   0.018334
0.062457 0.000000   0.018452
0.053384 0.000000   0.018546
0.015621 0.000000   0.018538
0.053403 0.000000   0.018631
0.015614 0.000000   0.018623
0.062407 0.015621   0.018739
0.062461 0.000000   0.018855
0.022129 0.000000   0.018864
0.068981 0.000000   0.018995
0.062459 0.000000   0.019109
0.053377 0.000000   0.019199
0.053352 0.000000   0.019288
0.046862 0.015620   0.019360
0.046859 0.000000   0.019432
0.022127 0.000000   0.019439
0.046856 0.000000   0.019509
0.022119 0.000000   0.019516
0.015615 0.000000   0.019506
0.053374 0.000000   0.019593
0.015614 0.000000   0.019583
0.015614 0.000000   0.019573
0.053382 0.000000   0.019659
0.053359 0.000000   0.019744
0.046838 0.000000   0.019813
0.053380 0.000000   0.019898
0.053362 0.000000   0.019982
0.046861 0.000000   0.020049
0.046857 0.015621   0.020117
0.053401 0.000000   0.020200
0.015615 0.000000   0.020188
0.053401 0.000000   0.020271
0.015623 0.015621   0.020259
0.062478 0.000000   0.020364
0.053382 0.000000   0.020445
0.037722 0.000000   0.020488
0.015621 0.000000   0.020476
0.015621 0.000000   0.020464
0.015622 0.000000   0.020452
0.046858 0.000000   0.020517
0.022118 0.000000   0.020521
0.046857 0.000000   0.020585
0.022127 0.000000   0.020588
0.015652 0.000000   0.020576
0.015652 0.000000   0.020565
0.022165 0.000000   0.020568
0.015547 0.000000   0.020556
0.015520 0.015619   0.020544
0.015509 0.000000   0.020532
0.015486 0.000000   0.020520
0.015505 0.000000   0.020508
0.015493 0.000000   0.020496
0.015476 0.000000   0.020485
0.015620 0.000000   0.020473
0.015496 0.000000   0.020461
0.015620 0.000000   0.020450
0.022126 0.000000   0.020454
0.015523 0.000000   0.020442
0.015526 0.000000   0.020431
0.022046 0.000000   0.020435
0.015541 0.000000   0.020423
0.015621 0.000000   0.020412
0.022076 0.000000   0.020416
0.015544 0.000000   0.020405
0.015652 0.000000   0.020394
0.015539 0.000000   0.020383
0.015622 0.015620   0.020372
0.015541 0.000000   0.020361
0.006505 0.015625   0.020329
0.046785 0.000000   0.020389
0.037759 0.000000   0.020429
0.031239 0.000000   0.020453
0.006509 0.000000   0.020422
0.015616 0.000000   0.020411
0.031215 0.000000   0.020435
0.006510 0.015624   0.020404
0.046821 0.015622   0.020463
0.046860 0.000000   0.020522
0.022120 0.000000   0.020526
0.015536 0.015620   0.020515
0.015475 0.000000   0.020503
0.022132 0.000000   0.020507
0.015591 0.000000   0.020496
0.015620 0.000000   0.020485
0.021667 0.000000   0.020488
0.015501 0.000000   0.020477
0.015537 0.000000   0.020466
0.022132 0.000000   0.020470
0.015538 0.000000   0.020459
0.013062 0.000000   0.020443
0.009006 0.015626   0.020418
0.015527 0.000000   0.020408
0.015573 0.000000   0.020397
0.022135 0.000000   0.020401
0.046857 0.000000   0.020458
0.015613 0.000000   0.020447
0.031186 0.000000   0.020470
0.022130 0.000000   0.020474
0.015618 0.015620   0.020464
0.037750 0.000000   0.020500
0.015614 0.000000   0.020490
0.015615 0.000000   0.020480
0.022134 0.000000   0.020483
0.031217 0.015621   0.020506
0.037781 0.000000   0.020542
0.031238 0.000000   0.020565
0.037766 0.000000   0.020601
0.015621 0.000000   0.020590
0.053387 0.015620   0.020659
0.037756 0.000000   0.020694
0.015611 0.000000   0.020684
0.010298 0.000000   0.020662
0.027160 0.000000   0.020676
0.015622 0.000000   0.020665
0.037728 0.000000   0.020700
0.031238 0.000000   0.020722
0.015615 0.000000   0.020712
0.006505 0.000000   0.020683
0.000000 0.015615   0.020640
0.053432 0.000000   0.020707
0.015553 0.000000   0.020697
0.015555 0.000000   0.020686
0.006505 0.000000   0.020657
0.031240 0.000000   0.020679
0.022126 0.000000   0.020682
0.000000 0.000000   0.020640
0.000000 0.000000   0.020599
0.000000 0.000000   0.020557
0.000000 0.000000   0.020516
0.000000 0.000000   0.020475
0.006510 0.000000   0.020447
0.000000 0.000000   0.020406
0.000000 0.000000   0.020366
0.031218 0.000000   0.020387
0.031239 0.000000   0.020409
0.000000 0.000000   0.020369
0.006505 0.000000   0.020341
0.034875 0.000000   0.020370
0.033760 0.000000   0.020396
0.015615 0.000000   0.020387
0.037744 0.000000   0.020421
0.031216 0.000000   0.020442
0.015621 0.000000   0.020432
0.006509 0.000000   0.020405
0.000000 0.000000   0.020366
0.031214 0.000000   0.020387
0.000000 0.000000   0.020347
0.006505 0.000000   0.020321
0.031215 0.000000   0.020342
0.015614 0.000000   0.020332
0.037784 0.000000   0.020366
0.015614 0.000000   0.020357
0.000000 0.000000   0.020318
0.006510 0.000000   0.020292
0.031237 0.000000   0.020312
0.015620 0.000000   0.020303
0.022154 0.000000   0.020307
0.015551 0.000000   0.020298
0.000000 0.000000   0.020260
0.006505 0.000000   0.020234
0.000000 0.000000   0.020196
0.000000 0.000000   0.020158
0.000000 0.000000   0.020120
0.000000 0.000000   0.020082
0.000000 0.000000   0.020045
0.006008 0.000000   0.020018
0.000000 0.000000   0.019981
0.015595 0.000000   0.019973
0.015620 0.000000   0.019965
0.053385 0.000000   0.020027
0.053385 0.000000   0.020088
0.046855 0.000000   0.020138
0.037759 0.000000   0.020170
0.031240 0.000000   0.020191
0.006505 0.000000   0.020165
0.000000 0.000000   0.020129
0.015539 0.000000   0.020120
0.015534 0.000000   0.020112
0.006504 0.000000   0.020087
0.000000 0.000000   0.020050
0.015652 0.000000   0.020043
0.015498 0.000000   0.020034
0.015498 0.000000   0.020026
0.015516 0.000000   0.020018
0.015566 0.006506   0.020010
0.015552 0.000000   0.020002
0.015583 0.000000   0.019994
0.015549 0.000000   0.019986
0.015548 0.000000   0.019978
0.015622 0.000000   0.019970
0.015620 0.000000   0.019963
0.015479 0.000000   0.019955
0.015482 0.000000   0.019947
0.015620 0.000000   0.019939
0.015621 0.015650   0.019931
0.015633 0.000000   0.019924
0.022131 0.000000   0.019928
0.015528 0.015621   0.019920
0.025496 0.000000   0.019930
0.015495 0.000000   0.019922
0.015520 0.000000   0.019914
0.018559 0.000000   0.019912
0.015588 0.000000   0.019904
0.015620 0.000000   0.019897
0.022027 0.000000   0.019900
0.031236 0.015621   0.019920
0.037727 0.000000   0.019951
0.031233 0.000000   0.019971
0.037723 0.000000   0.020001
0.031217 0.000000   0.020021
0.015621 0.006505   0.020013
0.031240 0.000000   0.020032
0.015612 0.000000   0.020025
0.022139 0.015622   0.020028
0.031223 0.015616   0.020047
0.015619 0.015621   0.020040
0.015595 0.000000   0.020032
0.006510 0.000000   0.020009
0.015619 0.000000   0.020002
0.000000 0.015626   0.019968
0.000000 0.015623   0.019934
0.015620 0.015620   0.019927
0.000000 0.000000   0.019893
0.000000 0.000000   0.019860
